Drug,Correlation.Score,affectedPathway
